SEPARACION OUTPUT

[0.5653537, --- [64, 3, 0.1, 0.1]
 0.5665353,
 0.58703446,
 0.59368795, 
 0.60955375,
 0.5955989,
 0.5808492,
 0.61001986,
 0.5611688,
 0.5890404, 
 0.5517264,--- [64, 3, 0.1, 0.2]
 0.5705178,
 0.564243,
 0.5685761,
 0.5882073,
 0.5925755,
 0.59273773,
 0.5778627,
 0.58793014,
 0.5816619, 
 0.5493727, --- [64, 5, 0.1, 0.2]
 0.5748126,
 0.5938388,
 0.5599753,
 0.5742663,
 0.5657766,
 0.562831,
 0.5634026,
 0.62176853,
 0.59659, 
 0.58589023, --- [64, 6, 0.1, 0.2]
 0.5380466,
 0.6142982,
 0.5812913,
 0.5969088,
 0.5927732,
 0.5743788,
 0.58615273,
 0.5683349,
 0.5570841, 
 0.56196237, --- [128, 2, 0.1, 0.1]
 0.5790969,
 0.5792006,
 0.58177453,
 0.59521127,
 0.59710705,
 0.58326036,
 0.57370776,
 0.59520835,
 0.587071, --- [128, 2, 0.1, 0.2]
 0.597776,
 0.57975346,
 0.58931965,
 0.5619738,
 0.5930785,
 0.5884213,
 0.5867526,
 0.5675125,
 0.57368183,
 0.58883095, --- [128, 4, 0.1, 0.1]
 0.5740189,
 0.5841092,
 0.5793686,
 0.58216524,
 0.57514024,
 0.5818904,
 0.5807417,
 0.5643507,
 0.56852174,
 0.5648942, --- [128, 5, 0.1, 0.01]
 0.58909124,
 0.5971142,
 0.5735348,
 0.5763892,
 0.5759325,
 0.5990132,
 0.58036596,
 0.5932223,
 0.5805192,
 0.56599766, ---  [128, 5, 0.1, 0.1]
 0.57830286,
 0.57052815,
 0.5748774,
 0.58779275,
 0.55501854,
 0.5880183,
 0.59143627,
 0.5793729,
 0.57789737, 
 0.5829786, --- [256, 2, 0.1, 0.01]
 0.5619107,
 0.5469376,
 0.5726801,
 0.57353514,
 0.58912903,
 0.5867491,
 0.57874924,
 0.58465815,
 0.5730019,
 0.5810006, --- [256, 3, 0.1, 0.01]
 0.5777259,
 0.5711263,
 0.5711133,
 0.56115276,
 0.5790903,
 0.5690256,
 0.56656504,
 0.5774117,
 0.548375,
 0.5749357, ---  [256, 3, 0.1, 0.05]
 0.56470364,
 0.5834687,
 0.571305,
 0.57760024,
 0.57944447,
 0.54307324,
 0.5786163,
 0.5599655,
 0.5708995,
 0.58182704,
 0.59065396, --- [256, 5, 0.1, 0.01]
 0.56464005,
 0.57980216,
 0.566994,
 0.57466763,
 0.55284333,
 0.5689291,
 0.58563656,
 0.5760825,
 0.56722295,
 0.56975716, --- [256, 6, 0.1, 0.05]
 0.57120144,
 0.56880546,
 0.5916404,
 0.5877038,
 0.57713634,
 0.58304477,
 0.56707686,
 0.5774822,
 0.5763155,
 0.5771574, --- [512, 2, 0.1, 0.01]
 0.5743818,
 0.57231444,
 0.5702593,
 0.5700604,
 0.55744314,
 0.57608455,
 0.569755,
 0.57298625,
 0.57919806,
 0.56419677, --- [512, 3, 0.1, 0.01]
 0.57576567,
 0.56582624,
 0.55810493,
 0.56114584,
 0.5749002,
 0.564725,
 0.5714443,
 0.5699655,
 0.5756521,
 0.5494335, --- [512, 3, 0.1, 0.05]
 0.5753249,
 0.5720313,
 0.5587398,
 0.5634777,
 0.55534077,
 0.5654775,
 0.56614536,
 0.56737477,
 0.55744916,
 0.5793387, --- [512, 3, 0.1, 0.1]
 0.5689692,
 0.55484843,
 0.5685268,
 0.55830806,
 0.5608719,
 0.56724256,
 0.569897,
 0.55728745,
 0.56927294]
